number of states:4
start probs:
0.11332680952844923
0.3058747587472836
0.5807955156326063
2.9160916608964676e-06
transition matrix:
0.13179668129449448, 0.8680626136040754, 0.00014070510117105502, 2.589784704885843e-13, 
7.740591258969845e-11, 4.630821666981652e-30, 3.2621261394551334e-05, 0.9999673786611994, 
4.007612546277139e-12, 1.8291324746742086e-05, 0.0006063435379220686, 0.9993753651333236, 
0.7928293530540855, 4.704999028890051e-11, 1.960788111800813e-12, 0.20717064689690376, 
emission probs [0,1]:
1.2233916800699076e-09, 0.9999999987766083, 
0.9999987196457164, 1.2803542834805105e-06, 
0.42996072454611395, 0.5700392754538861, 
1.919978439662921e-10, 0.9999999998080021, 
