number of states:4
start probs:
0.4551536296761383
0.27095237168093633
0.25636718374107076
0.017526814901854613
transition matrix:
0.10463762378091539, 0.007645869454612381, 0.007003845594334121, 0.8807126611701381, 
0.002297343140648878, 0.5599120404081975, 0.4349234762084425, 0.0028671402427111296, 
0.0038658416300713727, 0.5548218380573643, 0.4361598321643079, 0.005152488148256511, 
0.15522691006707603, 0.05469903422121041, 0.06276192876689059, 0.7273121269448231, 
emission probs [0,1]:
0.8274630506985158, 0.1725369493014842, 
0.9975419614068246, 0.0024580385931754134, 
0.9981630897120345, 0.0018369102879655455, 
0.02335256408193414, 0.9766474359180658, 
